## 컴파일

nvcc 가 설치되어 있는 환경에서, 
``` nvcc mulmat.cu ```

### 실행 파일
``` a.out ```

## 사용방법

``` ./a.out -n (opt -t) (opt-p) <정사각 행렬 크기> <타일 크기> ```

혹은

``` ./a.out (opt -t) (opt-p) <왼쪽 행렬 행 크기> <공통 변 크기> <오른쪽 행렬 열 크기> <타일 크기> ```

### 옵션 설명

``` -n ``` 입력 행렬 두개를 모두 정사각 행렬로 만들고 정사각 행렬 크기 하나만 입력받는다.

``` -t ``` 타일 캐싱 모드를 활성화한다. (이것이 활성화 되어야 제가 만든 함수가 실행됩니다.)

``` -p ``` 랜덤 생성된 두개의 피연산 행렬과 결과 행렬을 출력한다. (검증용) 비활성화 할 경우 GPU 연산에 소요된 시간을 ms 단위로 출력한다.


### 예시 입출력

#### 입력1

``` ./a.out -t 4096 2048 4096 32  ```

##### 출력1

``` GPU COMPUTE TIME(ms): 60.750000  ```

#### 입력2

``` ./a.out -t -n -p 5 ```

##### 출력 2

``` M Matrix:::
-4.460000 3.860000 -0.360000 -1.460000 1.120000 
0.690000 2.990000 -0.230000 -0.810000 0.810000 
-1.750000 2.630000 -0.360000 0.060000 2.540000 
4.320000 4.360000 1.860000 1.700000 2.030000 
-4.240000 0.490000 -0.570000 -4.330000 -4.890000 

N Matrix:::
-0.500000 4.530000 -4.150000 -1.300000 1.010000 
3.490000 -0.760000 -0.120000 1.650000 -3.700000 
-0.480000 0.870000 -2.190000 4.290000 -4.940000 
-2.850000 -2.460000 -3.790000 1.790000 -3.870000 
3.750000 1.110000 -4.510000 0.610000 1.340000 


P Matrix:::
24.235199 -18.615799 19.316401 8.692399 -9.857200 
15.546498 3.544900 -3.301800 2.094000 -5.009800 
19.580500 -7.567700 -3.947500 6.726900 -6.548700 
14.931101 15.945500 -38.122902 13.838700 -24.816000 
-1.893301 -14.851599 57.250099 -6.858400 6.924899 ```
